0	總計	246,327	2,122,062	259,140	2,468,968	312,436	2,524,269	327,046	2,325,443	350,729	2,608,995	376,398	2,968,979
100	遠洋漁業合計	76,411	563,852	85,210	703,686	106,147	745,783	113,595	699,536	119,881	775,410	126,765	891,109
101	單船拖網	18,152	123,353	23,927	183,642	27,019	186,585	22,531	131,198	19,692	120,957	19,743	139,983
102	雙船拖網	49,237	367,119	53,776	446,246	71,240	485,075	82,363	492,167	90,581	562,888	97,495	648,344
103	鰹鮪圍網	-	-	-	-	-	-	-	-	-	-	-	-
104	鮪延繩釣	8,815	72,545	7,507	73,797	7,862	73,994	8,701	76,171	9,607	91,565	9,476	102,395
105	大目流刺網	-	-	-	-	-	-	-	-	-	-	-	-
106	魷釣	-	-	-	-	-	-	-	-	-	-	-	-
107	魷魚流刺網	-	-	-	-	-	-	-	-	-	-	-	-
108	秋刀魚火誘網	-	-	-	-	-	-	-	-	-	-	-	-
109	珊瑚	-	-	-	-	-	-	-	-	-	-	-	136
199	其他遠洋漁業	206	835	-	-	26	129	-	-	-	-	50	251
200	近海漁業合計	88,167	695,853	91,170	845,897	112,927	795,308	128,176	832,459	139,081	972,646	156,419	1,104,932
201	巾著網	12,967	78,860	9,587	79,339	18,436	104,057	22,735	105,343	20,105	104,006	23,753	139,000
202	鯖 圍 網	-	-	-	-	-	-	-	-	-	-	-	-
203	火誘網	18,228	142,095	19,563	150,388	28,172	139,532	32,869	159,099	41,470	194,601	37,874	163,585
204	中小型拖網	8,092	75,963	8,784	113,407	9,497	90,863	12,211	114,971	17,007	180,338	21,516	202,496
205	刺網	-	-	-	-	4,463	35,570	8,669	73,000	10,599	113,089	14,517	165,279
206	追逐網	-	-	-	-	3,328	19,850	2,898	13,805	2,523	14,770	2,676	11,882
209	其他網	-	-	-	-	-	-	-	-	-	-	-	-
211	鮪延繩釣	12,719	98,479	14,061	130,482	15,589	128,023	16,510	110,078	15,760	118,199	15,944	139,305
212	鯛及雜魚延繩釣	13,745	126,712	14,284	137,780	14,472	128,454	13,382	116,153	12,704	109,618	12,808	108,936
213	曳繩釣	3,178	27,532	3,606	38,046	4,382	41,296	5,489	42,404	4,372	38,182	5,472	40,180
214	一支釣	9,877	74,012	10,632	96,366	9,955	72,887	8,901	65,857	9,922	69,336	14,848	88,031
219	其他釣	-	-	-	-	104	801	188	1,162	170	1,072	167	1,068
221	珊瑚	-	-	-	-	-	-	-	-	-	-	-	-
222	飛魚卵漁業	-	-	-	-	-	-	-	-	-	-	-	-
223	扒網漁業	-	-	-	-	-	-	-	-	-	-	-	-
299	其他近海漁業	9,362	72,110	10,652	100,089	4,528	33,975	4,325	30,586	4,450	29,374	6,845	45,170
300	沿岸漁業合計	33,573	277,093	31,761	285,701	34,525	271,119	35,214	252,466	40,489	273,862	35,597	256,818
301	定置網	3,499	26,023	2,391	21,905	2,283	19,221	3,001	23,282	2,467	19,698	2,747	20,841
302	地曳網	7,079	51,581	5,898	52,046	6,675	49,547	7,852	47,032	12,953	71,221	8,824	50,211
303	火誘網	5,706	45,630	4,493	41,408	3,857	26,594	3,649	22,752	3,778	18,108	3,198	15,666
304	刺網	2,588	23,436	3,216	31,594	3,610	30,412	3,571	28,591	4,046	32,805	4,333	35,478
305	其他網	4,097	30,723	3,607	29,869	4,823	36,236	4,665	30,422	4,680	28,474	4,043	26,198
306	一支釣	-	-	-	-	-	-	-	-	-	-	-	-
307	延繩釣	-	-	-	-	-	-	-	-	-	-	-	-
308	其他釣	3,803	30,185	3,726	32,684	3,480	26,489	2,847	20,401	2,865	21,006	2,763	20,539
309	鏢旗魚	3,074	30,593	3,686	34,794	4,478	36,427	4,348	35,819	4,941	40,124	4,731	44,689
310	遊漁	-	-	-	-	-	-	-	-	-	-	-	-
312	櫻花蝦漁業	-	-	-	-	-	-	-	-	-	-	-	-
313	鱙漁業	-	-	-	-	-	-	-	-	-	-	-	-
399	其他沿岸漁業	3,727	38,992	4,743	41,400	5,316	46,194	5,282	44,168	4,760	42,427	4,958	43,197
400	海面養殖合計	6,446	41,429	7,839	54,571	9,924	68,588	9,129	57,366	9,818	57,789	10,388	60,734
401	淺海養殖	6,446	41,429	7,839	54,571	9,924	68,588	9,129	57,366	9,818	57,789	10,388	60,734
402	箱網養殖	-	-	-	-	-	-	-	-	-	-	-	-
499	其他海面養殖	-	-	-	-	-	-	-	-	-	-	-	-
500	內陸漁撈合計	1,684	14,742	1,969	18,840	1,483	13,292	1,421	11,716	1,306	10,782	1,325	12,810
501	河川漁撈	1,684	14,742	1,969	18,840	1,483	13,292	1,421	11,716	1,306	10,782	1,325	12,810
502	水庫漁撈	-	-	-	-	-	-	-	-	-	-	-	-
599	其他內陸漁撈	-	-	-	-	-	-	-	-	-	-	-	-
600	內陸養殖合計	40,047	529,093	41,191	560,273	47,429	630,179	39,511	471,901	40,154	518,506	45,904	642,576
601	鹹水魚塭	29,374	425,413	29,878	424,249	34,941	505,158	28,548	362,447	29,065	393,091	33,955	505,412
602	淡水魚塭	8,066	73,699	7,952	91,098	8,950	85,841	7,448	70,854	7,665	83,130	8,214	89,245
603	箱網養殖	-	-	-	-	-	-	-	-	-	-	-	-
604	觀賞魚養殖	-	-	-	-	-	-	-	-	-	-	-	-
699	其他內陸養殖	2,606	29,981	3,360	44,926	3,539	39,180	3,515	38,600	3,424	42,285	3,736	47,920
													
													
	年別	民國五十四年		民國五十五年		民國五十六年		民國五十七年		民國五十八年		民國五十九年	
代碼	Year	1965		1966		1967		1968		1969		1970	
Code	漁業種類	產量	價值	產量	價值	產量	價值	產量	價值	產量	價值	產量	價值
	Type of Fishery	Quantity	Value	Quantity	Value	Quantity	Value	Quantity	Value	Quantity	Value	Quantity	Value
0	總計	381,688	3,276,549	425,277	3,865,405	458,222	4,145,694	531,170	5,193,418	560,918	5,839,887	613,152	7,156,552
100	遠洋漁業合計	135,949	1,014,509	169,260	1,341,718	189,068	1,559,406	241,043	2,196,000	254,770	2,436,105	275,971	3,185,456
101	單船拖網	18,780	119,600	18,542	124,654	16,918	111,736	21,272	140,951	25,190	153,957	44,363	295,842
102	雙船拖網	106,782	778,910	126,302	847,777	133,289	875,521	140,198	975,544	135,110	991,805	137,676	1,031,749
103	鰹鮪圍網	-	-	-	-	-	-	-	-	-	-	-	-
104	鮪延繩釣	10,227	115,278	24,353	368,943	38,861	572,149	79,573	1,079,505	94,470	1,290,343	93,932	1,857,865
105	大目流刺網	-	-	-	-	-	-	-	-	-	-	-	-
106	魷釣	-	-	-	-	-	-	-	-	-	-	-	-
107	魷魚流刺網	-	-	-	-	-	-	-	-	-	-	-	-
108	秋刀魚火誘網	-	-	-	-	-	-	-	-	-	-	-	-
109	珊瑚	-	-	-	-	-	-	-	-	-	-	-	-
199	其他遠洋漁業	110	721	63	344	-	-	-	-	-	-	-	-
200	近海漁業合計	156,566	1,265,351	167,718	1,469,366	182,628	1,585,399	204,064	1,891,809	218,211	2,146,243	232,541	2,235,575
201	巾著網	17,630	101,393	21,856	170,907	26,558	166,203	26,619	152,027	33,571	203,238	19,071	183,719
202	鯖 圍 網	-	-	-	-	29	197	415	2,519	287	1,974	1,984	11,172
203	火誘網	29,447	167,493	23,891	163,696	19,370	121,760	24,939	134,070	22,868	141,823	33,617	198,973
204	中小型拖網	31,308	286,341	49,550	455,300	63,281	628,417	69,016	731,197	77,255	842,699	86,951	962,773
205	刺網	14,473	172,280	10,753	131,286	14,713	178,790	10,163	130,574	9,924	124,075	8,475	105,854
206	追逐網	2,622	13,577	2,158	12,929	3,106	11,661	2,789	15,554	3,070	15,806	2,235	12,745
209	其他網	-	-	-	-	-	-	-	-	-	-	-	-
211	鮪延繩釣	16,276	157,639	18,977	194,569	19,451	186,325	24,471	272,287	25,850	297,951	27,552	304,303
212	鯛及雜魚延繩釣	14,341	135,939	18,551	170,198	21,100	178,703	22,436	200,896	21,375	203,447	21,349	208,069
213	曳繩釣	4,164	36,029	5,047	45,312	4,394	31,485	4,960	35,411	3,369	23,281	3,004	22,142
214	一支釣	17,321	124,345	15,572	111,762	9,008	66,318	16,314	110,615	19,203	103,351	27,130	143,175
219	其他釣	142	1,174	208	1,692	79	559	86	671	133	947	232	1,886
221	珊瑚	1	1,914	-	1,204	2	4,000	53	93,400	112	176,394	37	73,500
222	飛魚卵漁業	-	-	-	-	-	-	-	-	-	-	-	-
223	扒網漁業	-	-	-	-	-	-	-	-	-	-	-	-
299	其他近海漁業	8,841	67,226	1,155	10,511	1,537	10,981	1,803	12,588	1,193	8,257	904	7,264
300	沿岸漁業合計	33,688	274,426	28,615	254,611	29,158	254,923	27,985	275,475	29,254	305,301	30,338	345,616
301	定置網	2,096	17,847	2,177	19,422	2,239	19,633	2,937	27,094	2,781	26,851	2,820	28,652
302	地曳網	8,742	57,602	7,262	56,462	7,817	56,726	6,290	50,171	6,645	53,913	6,118	59,223
303	火誘網	2,301	14,489	1,644	11,830	1,421	8,329	1,571	10,823	1,744	13,336	2,305	23,254
304	刺網	4,306	37,392	4,088	36,304	4,528	43,900	4,307	40,212	5,295	57,078	5,521	58,766
305	其他網	3,730	26,593	2,788	21,806	2,993	22,331	2,385	22,481	2,648	25,315	2,392	22,676
306	一支釣	-	-	-	-	-	-	-	-	-	-	-	-
307	延繩釣	-	-	-	-	-	-	-	-	-	-	-	-
308	其他釣	2,836	25,463	1,973	14,686	1,946	14,606	2,008	16,834	2,240	19,572	2,338	21,645
309	鏢旗魚	4,358	47,510	4,549	53,763	3,944	46,397	4,490	55,655	3,722	53,857	4,147	61,592
310	遊漁	-	-	-	-	-	-	-	-	-	-	-	-
312	櫻花蝦漁業	-	-	-	-	-	-	-	-	-	-	-	-
313	鱙漁業	-	-	-	-	-	-	-	-	-	-	-	-
399	其他沿岸漁業	5,318	47,531	4,134	40,338	4,270	43,001	3,997	52,205	4,178	55,379	4,696	69,809
400	海面養殖合計	10,683	61,439	12,313	77,675	13,752	92,091	15,553	130,965	15,345	150,512	17,891	310,426
401	淺海養殖	10,683	61,439	12,313	77,675	13,752	92,091	15,553	130,965	15,345	150,512	17,891	310,426
402	箱網養殖	-	-	-	-	-	-	-	-	-	-	-	-
499	其他海面養殖	-	-	-	-	-	-	-	-	-	-	-	-
500	內陸漁撈合計	1,326	13,530	1,173	13,541	1,183	14,222	1,483	19,389	1,592	21,266	1,578	21,911
501	河川漁撈	1,326	13,530	1,173	13,541	1,183	14,222	1,483	19,389	1,592	21,266	1,578	21,911
502	水庫漁撈	-	-	-	-	-	-	-	-	-	-	-	-
599	其他內陸漁撈	-	-	-	-	-	-	-	-	-	-	-	-
600	內陸養殖合計	43,478	647,294	46,198	708,494	42,433	639,653	41,042	679,780	41,747	780,460	54,834	1,057,568
601	鹹水魚塭	29,812	483,739	31,415	525,384	26,358	451,910	24,058	441,330	21,949	432,328	31,606	693,075
602	淡水魚塭	9,765	111,723	10,837	129,545	11,608	132,496	12,186	179,380	14,458	273,248	17,094	336,025
603	箱網養殖	-	-	-	-	-	-	-	-	-	-	-	-
604	觀賞魚養殖	-	-	-	-	-	-	-	-	-	-	-	-
699	其他內陸養殖	3,900	51,833	3,946	53,565	4,467	55,247	4,798	59,070	5,340	74,885	6,134	82,468
													
													
	年別	民國六十年		民國六十一年		民國六十二年		民國六十三年		民國六十四年		民國六十五年	
代碼	Year	1971		1972		1973		1974		1975		1976	
Code	漁業種類	產量	價值	產量	價值	產量	價值	產量	價值	產量	價值	產量	價值
	Type of Fishery	Quantity	Value	Quantity	Value	Quantity	Value	Quantity	Value	Quantity	Value	Quantity	Value
0	總計	650,187	8,350,345	649,331	10,645,690	758,484	14,230,794	697,871	15,297,600	779,951	17,378,423	810,600	21,563,398
100	遠洋漁業合計	293,014	3,570,401	344,866	4,849,658	362,385	5,752,244	316,748	5,589,672	326,707	4,963,720	325,327	7,145,112
101	單船拖網	56,580	406,936	73,147	618,655	75,047	733,415	62,057	787,416	74,941	955,584	60,267	879,552
102	雙船拖網	140,814	1,149,144	167,829	1,618,581	184,435	1,794,759	155,182	1,825,721	149,756	1,718,683	157,998	2,262,110
103	鰹鮪圍網	-	-	-	-	-	-	-	-	-	-	-	-
104	鮪延繩釣	95,620	2,014,321	103,823	2,611,483	102,757	3,221,574	98,890	2,971,915	84,706	2,084,239	92,543	3,500,418
105	大目流刺網	-	-	-	-	-	-	-	-	-	-	-	-
106	魷釣	-	-	-	-	-	-	-	-	-	-	-	-
107	魷魚流刺網	-	-	-	-	-	-	-	-	-	-	-	-
108	秋刀魚火誘網	-	-	-	-	-	-	-	-	-	-	-	-
109	珊瑚	-	-	-	-	-	-	-	-	-	-	-	-
199	其他遠洋漁業	-	-	67	939	146	2,497	619	4,620	17,303	205,213	14,519	503,033
200	近海漁業合計	247,429	2,627,589	238,833	2,755,158	260,298	3,896,154	238,499	4,257,461	293,259	5,104,210	314,452	6,485,739
201	巾著網	27,194	231,508	24,352	186,370	30,652	338,619	17,957	330,968	17,991	477,941	20,167	473,893
202	鯖 圍 網	765	4,433	220	1,471	-	-	-	-	-	-	-	-
203	火誘網	32,473	210,552	31,750	230,520	29,750	429,003	28,090	473,997	32,002	561,579	26,722	521,466
204	中小型拖網	98,685	1,217,768	102,915	1,291,848	122,419	1,871,127	118,082	2,082,494	148,960	2,149,865	167,783	2,999,792
205	刺網	8,921	141,606	8,187	148,514	8,957	159,100	10,934	273,012	10,864	255,117	17,142	487,884
206	追逐網	1,922	12,388	929	7,075	849	6,257	483	7,135	522	6,345	589	8,072
209	其他網	-	-	-	-	-	-	-	-	-	-	-	-
211	鮪延繩釣	29,577	399,291	32,067	477,344	41,256	700,235	44,189	761,693	60,720	1,224,970	57,183	1,468,509
212	鯛及雜魚延繩釣	21,813	211,113	19,504	219,716	19,328	261,066	13,679	235,337	15,755	289,852	17,842	372,870
213	曳繩釣	3,715	30,413	2,353	24,564	1,937	20,988	1,368	20,426	1,000	16,371	1,397	25,453
214	一支釣	21,496	132,173	15,905	115,466	4,555	42,093	3,552	52,725	5,025	73,747	5,248	86,080
219	其他釣	197	1,602	106	1,150	169	2,028	84	1,587	326	5,490	184	3,220
221	珊瑚	10	19,600	18	43,750	22	56,420	5	16,320	19	38,200	41	28,963
222	飛魚卵漁業	-	-	-	-	-	-	-	-	-	-	-	-
223	扒網漁業	-	-	-	-	-	-	-	-	-	-	-	-
299	其他近海漁業	661	15,145	528	7,370	405	9,218	75	1,769	77	4,735	155	9,538
300	沿岸漁業合計	30,515	381,179	27,383	389,115	26,130	456,506	25,565	566,841	29,540	633,439	32,732	884,290
301	定置網	3,469	42,697	3,718	53,944	3,269	51,634	2,881	58,914	2,648	57,920	3,939	89,599
302	地曳網	5,826	52,668	4,785	45,149	4,112	48,327	4,136	70,620	3,784	68,153	4,232	87,708
303	火誘網	1,732	17,243	1,716	16,077	2,341	38,956	2,148	46,212	2,451	49,443	2,928	66,768
304	刺網	5,284	72,854	5,364	86,033	5,351	106,325	5,602	121,515	6,950	138,250	7,220	184,363
305	其他網	2,658	25,165	1,427	16,135	1,369	18,711	1,387	27,384	1,392	22,097	2,199	50,503
306	一支釣	-	-	665	8,872	575	8,948	612	12,159	1,139	15,965	1,241	19,458
307	延繩釣	-	-	-	-	-	-	-	-	-	-	-	-
308	其他釣	2,557	23,997	1,222	15,567	1,681	24,039	1,905	33,647	1,862	30,192	2,076	37,965
309	鏢旗魚	4,015	63,806	3,916	59,623	2,696	56,293	2,117	69,249	2,662	96,452	3,285	166,851
310	遊漁	-	-	-	-	-	-	-	-	-	-	-	-
312	櫻花蝦漁業	-	-	-	-	-	-	-	-	-	-	-	-
313	鱙漁業	-	-	-	-	-	-	-	-	-	-	-	-
399	其他沿岸漁業	4,954	82,748	4,569	87,716	4,736	103,272	477	127,140	6,652	154,967	5,613	181,114
400	海面養殖合計	17,446	306,876	19,433	386,498	24,912	694,429	29,378	852,516	31,314	1,148,306	30,936	1,189,689
401	淺海養殖	17,466	306,876	19,433	386,498	24,912	694,429	29,378	852,516	31,314	1,148,306	30,936	1,189,689
402	箱網養殖	-	-	-	-	-	-	-	-	-	-	-	-
499	其他海面養殖	-	-	-	-	-	-	-	-	-	-	-	-
500	內陸漁撈合計	1,440	20,098	1,912	26,195	2,182	33,570	2,587	47,075	2,868	64,545	2,629	66,525
501	河川漁撈	1,440	20,098	1,912	26,195	2,182	33,570	2,587	47,075	2,868	64,545	2,629	66,525
502	水庫漁撈	-	-	-	-	-	-	-	-	-	-	-	-
599	其他內陸漁撈	-	-	-	-	-	-	-	-	-	-	-	-
600	內陸養殖合計	60,323	1,444,202	61,903	2,239,066	82,577	3,397,891	85,094	3,984,034	96,263	5,464,204	104,524	5,792,042
601	鹹水魚塭	34,584	680,838	30,716	672,683	40,288	1,303,851	39,948	1,255,632	44,652	1,493,488	39,818	1,439,456
602	淡水魚塭	19,112	661,751	24,962	1,470,130	36,032	2,263,649	38,605	2,610,981	44,386	3,821,032	56,196	4,175,305
603	箱網養殖	-	-	-	-	-	-	-	-	-	-	-	-
604	觀賞魚養殖	-	-	-	-	-	-	-	-	-	-	-	-
699	其他內陸養殖	6,627	101,614	6,226	96,254	6,258	103,392	6,541	117,422	7,225	149,683	8,510	177,281
													
													
	年別	民國六十六年		民國六十七年		民國六十八年		民國六十九年		民國七十年		民國七十一年	
代碼	Year	1977		1978		1979		1980		1981		1982	
Code	漁業種類	產量	價值	產量	價值	產量	價值	產量	價值	產量	價值	產量	價值
	Type of Fishery	Quantity	Value	Quantity	Value	Quantity	Value	Quantity	Value	Quantity	Value	Quantity	Value
0	總計	854,914	2,886,140	885,044	31,807,551	929,326	38,974,138	936,336	45,010,229	911,678	50,351,120	922,520	56,102,303
100	遠洋漁業合計	337,222	9,020,886	331,152	8,679,810	341,911	10,687,691	350,425	13,407,911	321,567	15,235,194	316,692	16,337,141
101	單船拖網	60,629	1,087,955	70,465	1,242,654	78,662	1,849,115	84,926	2,320,948	70,601	2,499,538	61,484	2,786,258
102	雙船拖網	144,155	2,497,774	130,910	2,110,859	127,775	2,537,534	112,248	2,681,893	119,490	4,247,917	77,141	3,229,494
103	鰹鮪圍網	-	-	-	-	-	-	-	-	-	-	4,299	144,022
104	鮪延繩釣	122,527	5,116,233	108,763	4,644,863	108,650	5,207,430	119,635	6,653,863	94,926	6,547,221	108,117	6,699,297
105	大目流刺網	-	-	-	-	-	-	-	-	-	-	36,006	1,824,161
106	魷釣	-	-	-	-	-	-	-	-	-	-	24,036	1,442,616
107	魷魚流刺網	-	-	-	-	-	-	-	-	-	-	-	-
108	秋刀魚火誘網	-	-	-	-	-	-	-	-	-	-	-	-
109	珊瑚	-	-	-	-	-	-	-	-	-	-	-	-
199	其他遠洋漁業	9,913	318,924	21,014	681,434	26,824	1,093,614	33,616	1,751,207	36,550	1,940,518	5,609	211,293
200	近海漁業合計	324,379	8,647,651	355,094	9,151,929	364,708	12,180,294	370,906	15,089,241	346,203	16,584,578	345,471	17,084,650
201	巾著網	36,783	679,486	37,048	909,115	25,964	1,473,274	25,620	1,394,710	33,397	2,373,899	24,364	1,099,906
202	鯖 圍 網	2,189	40,492	3,990	75,893	20,358	254,544	19,918	314,780	17,213	363,560	23,444	682,772
203	火誘網	21,680	533,709	17,840	514,839	26,318	702,768	19,139	522,819	23,735	936,072	24,745	914,439
204	中小型拖網	187,738	4,361,792	208,756	4,245,109	206,660	5,594,799	220,289	8,212,651	187,078	7,397,733	188,324	9,026,695
205	刺網	15,743	478,780	15,720	645,858	18,058	837,262	19,895	1,010,181	19,453	1,116,604	17,852	1,021,320
206	追逐網	760	13,417	653	12,082	903	16,466	777	15,969	626	15,693	388	10,311
209	其他網	-	-	-	-	-	-	-	-	-	-	-	-
211	鮪延繩釣	49,811	1,746,119	43,010	1,869,602	42,222	2,209,038	39,047	2,167,057	32,116	2,462,302	34,093	2,753,268
212	鯛及雜魚延繩釣	17,138	466,452	16,441	418,511	16,870	487,957	17,534	664,443	21,928	879,075	23,162	1,035,792
213	曳繩釣	2,052	51,840	7,378	175,180	3,694	117,065	3,972	121,326	5,370	208,181	5,642	227,948
214	一支釣	7,216	135,007	3,827	93,007	2,810	87,292	3,174	116,453	3,136	128,268	2,803	119,360
219	其他釣	185	4,174	190	4,429	36	722	267	5,844	218	7,800	150	5,645
221	珊瑚	53	116,810	62	183,080	109	383,180	138	510,700	277	582,380	62	170,775
222	飛魚卵漁業	-	-	-	-	-	-	-	-	-	-	-	-
223	扒網漁業	-	-	-	-	-	-	-	-	-	-	-	-
299	其他近海漁業	1,032	18,574	178	5,224	706	15,927	1,136	32,308	1,659	113,011	442	16,419
300	沿岸漁業合計	33,079	984,378	32,024	1,112,360	36,380	1,287,942	37,295	1,348,626	39,265	1,922,721	41,095	2,166,655
301	定置網	2,979	95,869	2,841	79,996	3,268	126,681	3,716	124,055	4,432	205,739	4,363	168,899
302	地曳網	3,833	91,829	3,774	87,034	2,423	56,787	3,057	87,180	2,311	75,203	2,235	88,180
303	火誘網	3,597	105,808	1,642	42,585	1,242	35,273	1,269	37,993	2,427	83,605	2,788	112,891
304	刺網	8,682	206,723	9,765	263,408	10,431	352,486	10,957	371,666	11,492	479,439	13,468	629,801
305	其他網	1,578	42,241	1,263	35,913	1,625	36,241	1,140	34,440	1,360	73,806	1,168	83,622
306	一支釣	1,689	33,528	2,033	37,907	2,180	40,767	2,314	51,811	2,275	75,644	2,207	89,305
307	延繩釣	1,593	41,454	1,490	39,097	1,312	38,336	1,177	45,157	1,648	85,689	1,900	96,805
308	其他釣	-	-	-	-	-	-	-	-	-	-	-	-
309	鏢旗魚	2,563	118,112	2,424	112,775	6,451	201,563	7,220	236,462	5,858	318,179	4,483	209,449
310	遊漁	-	-	-	-	-	-	-	-	-	-	-	-
312	櫻花蝦漁業	-	-	-	-	-	-	-	-	-	-	-	-
313	鱙漁業	-	-	-	-	-	-	-	-	-	-	-	-
399	其他沿岸漁業	6,565	248,813	6,792	413,645	7,449	399,809	6,445	359,862	7,462	525,417	8,483	687,703
400	海面養殖合計	31,039	1,379,894	32,795	2,010,289	31,498	2,461,155	29,988	2,869,542	31,002	3,243,345	35,835	3,863,549
401	淺海養殖	31,039	1,379,894	32,795	2,010,289	31,498	2,461,155	29,988	2,869,542	31,002	3,243,345	35,835	3,863,549
402	箱網養殖	-	-	-	-	-	-	-	-	-	-	-	-
499	其他海面養殖	-	-	-	-	-	-	-	-	-	-	-	-
500	內陸漁撈合計	2,593	76,135	2,369	66,582	2,640	89,139	2,701	93,711	2,715	115,654	2,827	129,376
501	河川漁撈	2,593	76,135	2,369	66,582	2,640	89,139	2,701	93,711	2,715	115,654	2,827	129,376
502	水庫漁撈	-	-	-	-	-	-	-	-	-	-	-	-
599	其他內陸漁撈	-	-	-	-	-	-	-	-	-	-	-	-
600	內陸養殖合計	108,601	8,177,196	131,610	10,786,581	152,190	12,267,917	145,021	12,201,198	170,924	13,249,628	180,601	16,520,932
601	鹹水魚塭	38,466	2,241,434	50,317	2,811,301	52,574	3,694,575	37,098	3,029,223	47,299	4,325,002	51,044	5,315,523
602	淡水魚塭	61,428	5,732,289	71,665	7,719,226	90,142	8,298,407	96,901	8,803,843	111,764	8,478,271	117,531	10,734,798
603	箱網養殖	-	-	-	-	-	-	-	-	-	-	-	-
604	觀賞魚養殖	-	-	-	-	-	-	-	-	-	-	-	-
699	其他內陸養殖	8,708	203,473	9,628	256,054	9,474	274,935	11,022	368,132	11,861	446,355	12,027	470,611
													
													
	年別	民國七十二年		民國七十三年		民國七十四年		民國七十五年		民國七十六年		民國七十七年	
代碼	Year	1983		1984		1985		1986		1987		1988	
Code	漁業種類	產量	價值	產量	價值	產量	價值	產量	價值	產量	價值	產量	價值
	Type of Fishery	Quantity	Value	Quantity	Value	Quantity	Value	Quantity	Value	Quantity	Value	Quantity	Value
0	總計	930,582	62,012,254	1,002,599	64,376,359	1,037,721	66,892,998	1,094,587	75,280,057	1,236,170	85,954,761	1,360,868	88,135,708
100	遠洋漁業合計	319,888	17,134,339	369,448	19,701,154	413,692	21,523,827	463,376	23,468,364	573,933	28,554,528	699,266	31,990,811
101	單船拖網	60,590	2,966,092	76,426	3,524,843	90,509	4,131,459	91,780	4,247,416	93,896	4,893,318	133,160	5,569,964
102	雙船拖網	71,997	3,232,127	80,741	3,465,862	72,141	3,483,365	87,750	3,974,538	108,575	4,572,982	126,842	4,902,588
103	鰹鮪圍網	10,015	413,536	8,199	344,527	22,326	817,519	17,984	463,591	32,647	882,588	82,183	2,344,386
104	鮪延繩釣	113,636	6,712,615	114,377	7,361,435	119,232	7,297,042	151,233	9,187,374	146,414	9,034,088	147,615	9,658,901
105	大目流刺網	25,869	1,279,290	42,063	2,059,225	55,512	2,601,393	46,282	2,272,987	67,930	3,209,076	62,146	3,019,468
106	魷釣	37,330	22,519,326	44,218	2,863,085	48,966	3,018,033	50,495	2,892,114	115,249	5,794,910	129,177	6,170,679
107	魷魚流刺網	-	-	-	-	-	-	-	-	-	-	-	-
108	秋刀魚火誘網	-	-	-	-	-	-	-	-	-	-	-	-
109	珊瑚	-	-	-	-	-	-	-	-	-	-	-	-
199	其他遠洋漁業	451	11,353	3,424	82,176	5,006	175,016	17,852	430,344	9,222	167,567	18,143	324,825
200	近海漁業合計	320,495	17,981,542	334,131	17,704,175	316,417	17,099,790	306,179	17,406,133	300,649	18,823,566	308,114	18,793,740
201	巾著網	20,977	1,246,418	21,567	826,532	34,014	1,707,728	29,759	1,455,885	27,910	1,114,421	22,937	723,897
202	鯖 圍 網	20,432	507,954	30,297	829,191	28,054	749,186	34,027	1,150,069	23,036	345,550	32,434	617,865
203	火誘網	20,951	794,031	18,442	546,847	23,345	667,548	18,930	845,765	20,818	904,980	21,118	1,150,788
204	中小型拖網	176,176	9,835,017	183,520	9,614,847	150,233	8,220,314	152,505	8,726,598	148,722	10,181,777	147,823	9,509,682
205	刺網	14,918	927,358	16,478	950,439	18,643	961,596	21,167	1,356,915	19,314	1,130,577	23,827	2,205,060
206	追逐網	863	23,348	738	17,691	1,039	24,369	342	7,983	499	11,302	454	10,807
209	其他網	-	-	-	-	-	-	-	-	-	-	-	-
211	鮪延繩釣	34,153	2,804,102	32,437	2,833,355	26,502	2,591,791	20,239	2,057,732	34,110	3,328,320	34,523	2,558,753
212	鯛及雜魚延繩釣	20,791	1,064,483	20,246	1,195,703	22,341	1,063,845	19,667	1,006,207	19,235	1,267,909	19,072	1,278,833
213	曳繩釣	7,623	305,406	5,297	247,852	5,016	251,107	2,571	97,492	1,817	59,976	1,859	92,978
214	一支釣	2,642	139,142	4,403	198,905	6,060	251,095	5,128	265,922	3,295	164,001	2,517	229,442
219	其他釣	347	12,756	182	4,671	394	8,824	434	9,121	688	16,495	491	11,497
221	珊瑚	109	299,200	157	405,726	215	545,148	141	358,278	106	243,800	67	357,400
222	飛魚卵漁業	-	-	-	-	-	-	-	-	-	-	-	-
223	扒網漁業	-	-	-	-	-	-	-	-	-	-	-	-
299	其他近海漁業	515	22,327	366	32,415	562	57,239	1,271	68,167	1,099	54,459	992	46,738
300	沿岸漁業合計	46,907	2,580,498	51,300	2,803,123	54,467	2,851,376	56,737	3,317,986	53,905	3,244,498	49,089	2,694,774
301	定置網	4,998	213,872	6,352	267,138	8,094	298,317	9,403	329,919	11,185	463,560	11,051	493,128
302	地曳網	2,414	114,002	2,703	114,258	2,780	123,410	1,732	107,767	1,943	125,114	1,010	79,500
303	火誘網	4,361	198,714	4,833	233,181	5,414	260,874	3,110	174,965	1,659	109,162	1,751	99,750
304	刺網	15,219	688,354	15,933	784,745	16,920	803,132	16,906	944,404	16,964	809,612	16,023	781,632
305	其他網	1,149	56,201	1,636	71,299	1,147	48,636	4,421	198,983	3,309	81,919	1,769	44,026
306	一支釣	2,349	120,761	2,636	101,914	2,365	104,300	2,392	119,700	2,534	125,409	2,970	162,362
307	延繩釣	2,242	115,550	1,795	93,752	2,065	100,272	2,175	118,149	2,333	203,806	2,328	112,283
308	其他釣	-	-	-	-	-	-	-	-	-	-	-	-
309	鏢旗魚	5,426	310,211	6,100	340,550	5,385	302,836	4,327	292,720	2,887	263,795	2,563	189,239
310	遊漁	-	-	-	-	-	-	-	-	-	-	-	-
312	櫻花蝦漁業	-	-	-	-	-	-	-	-	-	-	-	-
313	鱙漁業	-	-	-	-	-	-	-	-	-	-	-	-
399	其他沿岸漁業	8,749	762,833	9,311	796,288	10,297	809,599	12,270	1,031,380	11,092	1,062,123	9,625	732,852
400	海面養殖合計	39,182	4,345,376	40,350	3,767,648	36,067	3,291,319	28,266	2,302,910	29,520	1,923,580	34,617	2,928,669
401	淺海養殖	39,182	4,345,376	40,350	3,767,648	36,067	3,291,319	28,266	2,302,910	29,520	1,923,580	34,617	2,928,669
402	箱網養殖	-	-	-	-	-	-	-	-	-	-	-	-
499	其他海面養殖	-	-	-	-	-	-	-	-	-	-	-	-
500	內陸漁撈合計	2,498	123,908	2,711	127,859	2,409	125,277	2,183	96,534	2,255	99,709	3,424	177,994
501	河川漁撈	2,498	123,908	2,711	127,859	2,409	125,277	2,183	96,534	2,255	99,709	3,424	177,994
502	水庫漁撈	-	-	-	-	-	-	-	-	-	-	-	-
599	其他內陸漁撈	-	-	-	-	-	-	-	-	-	-	-	-
600	內陸養殖合計	201,611	19,846,591	204,659	20,272,400	214,668	2,201,409	237,846	28,688,128	275,908	33,308,880	266,357	31,549,720
601	鹹水魚塭	61,026	6,906,717	61,310	6,239,415	71,021	8,184,629	96,565	14,804,527	126,614	16,603,687	93,616	10,979,674
602	淡水魚塭	128,765	12,346,075	132,735	13,612,946	133,449	13,389,520	130,435	13,472,788	135,178	16,172,109	159,406	20,043,440
603	箱網養殖	-	-	-	-	-	-	-	-	-	-	-	-
604	觀賞魚養殖	-	-	-	-	-	-	-	-	-	-	-	-
699	其他內陸養殖	11,820	593,799	10,615	420,038	10,198	427,260	10,847	410,812	14,117	533,084	13,335	526,607
													
													
	年別	民國七十八年		民國七十九年		民國八十年		民國八十一年		民國八十二年		民國八十三年	
代碼	Year	1989		1990		1991		1992		1993		1994	
Code	漁業種類	產量	價值	產量	價值	產量	價值	產量	價值	產量	價值	產量	價值
	Type of Fishery	Quantity	Value	Quantity	Value	Quantity	Value	Quantity	Value	Quantity	Value	Quantity	Value
0	總計	1,371,665	89,110,349	1,455,495	89,154,163	1,316,651	83,526,072	1,326,981	83,715,433	1,423,971	93,175,224	1,255,273	89,201,376
100	遠洋漁業合計	734,441	33,502,923	766,985	35,248,572	714,263	32,203,991	737,638	34,622,193	834,965	42,700,613	683,780	36,046,903
101	單船拖網	116,657	4,821,909	97,145	4,277,440	86,115	3,814,168	40,064	2,006,836	44,184	1,913,636	35,400	2,000,297
102	雙船拖網	111,480	4,235,329	104,128	4,319,067	98,775	4,269,631	71,375	3,606,226	79,100	3,482,080	61,947	3,491,623
103	鰹鮪圍網	117,164	3,787,290	124,599	3,013,627	107,062	2,456,971	165,879	4,182,712	176,666	3,622,608	182,555	4,357,325
104	鮪延繩釣	139,113	9,867,557	155,921	9,993,993	134,574	7,880,426	237,132	16,256,080	300,193	28,398,147	209,319	20,282,828
105	大目流刺網	75,328	3,665,424	125,112	6,248,412	90,982	5,090,863	25,551	1,331,060	-	-	-	-
106	魷釣	117,717	4,919,754	88,254	4,685,110	124,176	5,753,720	151,535	5,828,660	197,494	4,615,064	158,303	5,065,696
107	魷魚流刺網	42,893	1,960,811	38,034	2,110,795	51,326	2,555,221	11,053	456,489	-	-	-	-
108	秋刀魚火誘網	12,036	208,226	31,877	548,283	19,473	331,041	34,235	917,487	36,435	633,975	12,550	251,004
109	珊瑚	-	-	-	-	-	-	-	-	-	-	-	-
199	其他遠洋漁業	2,053	36,623	1,915	51,844	1,780	51,951	814	36,644	892	35,103	23,706	598,130
200	近海漁業合計	333,799	24,660,819	292,391	18,234,546	266,945	17,457,328	280,513	16,393,842	258,601	17,285,500	242,272	16,083,584
201	巾著網	16,471	930,675	9,826	357,793	6,605	177,342	13,887	507,136	11,092	519,390	5,366	268,798
202	鯖 圍 網	43,351	834,443	53,897	1,077,930	42,734	950,478	60,858	1,315,625	63,849	1,781,941	71,941	1,048,922
203	火誘網	34,468	3,691,986	34,132	2,164,571	24,292	1,803,318	23,156	1,247,123	16,897	982,081	21,542	1,257,623
204	中小型拖網	153,985	11,710,320	120,697	8,713,733	125,259	9,112,550	110,960	7,264,788	103,594	7,293,843	77,483	6,023,970
205	刺網	28,785	2,733,101	22,307	2,080,286	19,921	2,055,720	17,476	1,836,745	12,224	1,410,675	17,275	2,348,564
206	追逐網	490	11,379	484	7,540	379	7,128	325	10,500	531	41,143	576	89,118
209	其他網	9,057	1,185,309	4,650	631,131	4,322	490,937	2,350	222,263	414	37,746	300	40,862
211	鮪延繩釣	30,151	2,322,331	21,292	1,693,263	23,960	1,648,665	29,043	1,990,738	27,287	2,402,609	22,698	2,378,278
212	鯛及雜魚延繩釣	11,955	765,592	13,847	818,751	12,957	676,159	16,993	1,578,420	13,588	2,301,420	14,936	1,648,668
213	曳繩釣	1,547	88,423	3,945	285,655	3,699	248,053	2,288	104,425	5,112	160,248	3,353	183,335
214	一支釣	2,514	258,847	5,173	322,954	1,602	217,796	1,462	163,392	1,657	181,653	2,206	307,984
219	其他釣	243	6,840	322	18,656	403	36,850	470	46,664	815	82,494	1,113	123,727
221	珊瑚	16	91,260	1	1,150	-	-	-	-	-	-	-	-
222	飛魚卵漁業	-	-	-	-	-	-	-	-	-	-	-	-
223	扒網漁業	-	-	-	-	-	-	-	-	-	-	-	-
299	其他近海漁業	766	30,313	1,821	61,132	812	32,332	1,245	106,025	1,542	90,258	3,485	363,736
300	沿岸漁業合計	49,794	4,220,016	48,362	3,960,095	41,231	3,516,865	45,401	3,326,754	43,443	3,270,613	39,800	3,430,129
301	定置網	8,108	425,914	7,026	340,257	8,311	481,326	10,537	601,415	12,008	706,813	13,143	831,139
302	地曳網	1,897	142,098	773	82,476	427	38,331	432	47,075	684	100,750	611	84,286
303	火誘網	5,220	642,315	5,474	538,662	3,081	344,330	2,544	148,401	1,083	117,015	734	66,813
304	刺網	17,550	1,449,885	17,472	1,323,602	14,183	1,161,767	15,405	1,038,331	17,264	1,340,859	14,387	1,269,521
305	其他網	5,158	607,907	4,981	500,550	3,472	341,940	4,077	490,138	1,927	156,735	1,682	216,905
306	一支釣	3,325	167,451	3,890	247,886	2,556	173,644	2,999	162,070	2,366	175,777	2,800	261,469
307	延繩釣	2,032	206,323	2,460	280,249	2,635	304,147	1,396	109,266	988	117,125	503	63,531
308	其他釣	631	26,529	497	28,864	563	25,433	624	32,105	726	50,592	913	90,324
309	鏢旗魚	1,939	178,159	1,862	259,591	2,151	282,416	1,894	174,044	1,238	167,748	1,355	199,596
310	遊漁	419	29,677	441	42,306	495	44,324	263	23,391	277	22,986	286	28,066
312	櫻花蝦漁業	-	-	-	-	-	-	-	-	-	-	-	-
313	鱙漁業	-	-	-	-	-	-	-	-	-	-	-	-
399	其他沿岸漁業	3,515	343,758	3,486	315,653	3,358	319,207	5,228	500,518	4,882	314,214	3,385	318,479
400	海面養殖合計	37,073	3,231,512	36,507	3,040,645	31,192	2,597,564	33,958	3,086,938	35,105	3,463,073	33,185	3,083,369
401	淺海養殖	36,793	3,152,441	36,011	2,875,651	30,772	2,477,018	33,454	2,916,876	34,492	3,253,020	32,535	2,867,277
402	箱網養殖	21	3,218	103	13,726	86	11,541	130	29,327	138	31,529	150	36,278
499	其他海面養殖	259	75,853	393	151,269	334	109,005	374	140,735	475	178,524	500	179,814
500	內陸漁撈合計	3,877	202,076	3,494	180,376	2,327	91,686	1,781	80,605	1,688	102,554	1,456	74,321
501	河川漁撈	2,044	98,415	2,075	98,824	1,130	36,400	743	29,716	467	32,832	651	32,797
502	水庫漁撈	1,639	86,398	1,179	67,687	1,054	51,443	980	48,192	964	51,032	547	23,064
599	其他內陸漁撈	194	17,263	241	13,865	143	3,844	58	2,697	257	18,690	259	18,460
600	內陸養殖合計	212,681	23,293,003	307,756	28,489,929	260,693	27,658,639	227,690	26,205,101	250,170	26,352,871	254,780	30,483,070
601	鹹水魚塭	63,127	7,564,780	127,801	9,358,034	85,121	9,968,723	69,596	8,149,389	64,267	6,998,880	74,258	8,448,480
602	淡水魚塭	140,039	15,294,208	168,536	18,327,200	168,227	17,359,309	149,927	17,682,024	176,261	18,982,513	176,442	21,845,355
603	箱網養殖	633	27,480	2,314	253,946	508	15,034	330	10,898	368	13,955	21	802
604	觀賞魚養殖	-	-	-	-	-	-	-	-	-	-	-	-
699	其他內陸養殖	8,882	406,535	9,105	550,749	6,838	315,564	8,467	362,790	9,275	357,523	4,059	188,433
													
													
	年別	民國八十四年		民國八十五年		民國八十六年		民國八十七年		民國八十八年		民國八十九年	
代碼	Year	1995		1996		1997		1998		1999		2000	
Code	漁業種類	產量	價值	產量	價值	產量	價值	產量	價值	產量	價值	產量	價值
	Type of Fishery	Quantity	Value	Quantity	Value	Quantity	Value	Quantity	Value	Quantity	Value	Quantity	Value
0	總計	1,296,887	100,565,749	1,239,635	97,265,187	1,251,048	92,602,411	1,301,419	90,189,328	1,335,099	85,390,979	1,333,574	88,127,590
100	遠洋漁業合計	709,543	43,084,074	668,979	43,827,522	692,238	44,637,124	792,722	45,454,296	824,738	45,169,605	863,475	44,615,721
101	單船拖網	54,140	2,764,774	53,797	3,153,206	91,164	5,878,009	87,504	5,390,601	86,431	3,438,409	86,850	3,097,700
102	雙船拖網	55,459	3,449,553	45,861	3,055,381	-	-	-	-	-	-	-	-
103	鰹鮪圍網	186,815	3,881,684	188,742	3,570,215	139,874	4,044,939	241,996	7,627,671	200,435	3,562,845	231,055	3,251,299
104	鮪延繩釣	223,441	25,359,200	215,182	27,989,934	207,688	28,189,753	225,805	27,429,964	225,415	32,464,047	240,157	33,180,963
105	大目流刺網	-	-	-	-	-	-	-	-	-	-	-	-
106	魷釣	154,362	6,478,838	138,172	5,114,898	212,386	5,261,584	201,995	3,757,552	276,111	4,925,878	253,574	4,158,613
107	魷魚流刺網	-	-	-	-	-	-	-	-	-	-	-	-
108	秋刀魚火誘網	13,772	330,528	8,236	222,365	21,887	501,207	12,794	383,818	12,541	451,476	27,868	562,934
109	珊瑚	-	-	-	-	-	-	-	-	-	-	-	-
199	其他遠洋漁業	21,553	819,498	18,989	721,523	19,240	761,632	22,629	864,689	23,804	326,950	23,971	364,212
200	近海漁業合計	255,981	16,930,516	256,654	16,585,512	247,575	16,672,657	209,589	13,130,862	206,575	12,751,721	169,143	13,031,950
201	巾著網	13,770	487,615	16,444	403,461	14,941	489,181	13,449	282,975	5,394	133,512	4,141	85,128
202	鯖 圍 網	61,961	1,785,923	77,075	2,274,057	69,703	1,161,681	42,331	717,215	58,843	1,225,768	26,941	523,791
203	火誘網	18,633	979,658	16,960	819,180	19,556	852,693	24,768	910,475	28,376	981,870	23,727	1,097,858
204	中小型拖網	92,599	6,536,107	93,809	6,786,404	84,172	7,552,459	66,466	5,762,208	58,431	4,892,518	55,946	4,935,592
205	刺網	16,624	2,202,622	13,825	2,010,468	13,240	1,881,207	12,213	1,491,648	12,851	1,460,220	12,139	1,538,295
206	追逐網	166	6,760	403	46,108	1,269	271,910	716	88,011	355	47,451	135	23,657
209	其他網	449	92,841	-	-	10	1,500	126	16,480	152	5,082	3	600
211	鮪延繩釣	32,691	2,942,663	22,258	2,063,630	30,554	2,531,216	37,734	2,445,287	29,188	2,472,723	25,949	2,287,035
212	鯛及雜魚延繩釣	11,875	1,248,762	8,723	1,417,660	9,196	1,413,309	8,121	911,263	8,380	888,918	13,323	1,550,101
213	曳繩釣	336	22,176	392	78,655	293	27,197	457	50,995	504	64,871	1,381	213,171
214	一支釣	1,467	236,645	1,592	259,398	1,716	248,941	1,808	283,688	1,504	381,142	2,018	390,871
219	其他釣	721	88,135	932	120,680	773	103,248	592	86,724	686	100,868	692	84,455
221	珊瑚	-	-	-	-	-	-	-	-	-	-	-	-
222	飛魚卵漁業	-	-	-	-	-	-	-	-	-	-	-	-
223	扒網漁業	-	-	-	-	-	-	-	-	-	-	-	-
299	其他近海漁業	4,690	300,612	4,242	305,811	2,152	138,115	807	83,894	1,910	96,778	2,747	301,395
300	沿岸漁業合計	43,518	3,978,190	41,033	4,256,372	40,576	4,524,162	43,429	4,371,999	40,159	4,147,470	43,966	4,537,017
301	定置網	11,580	672,032	11,554	788,623	9,094	658,114	5,501	344,439	5,448	366,178	6,263	393,594
302	地曳網	978	129,049	434	59,028	388	50,266	454	60,187	618	85,464	1,441	231,670
303	火誘網	1,800	189,958	1,620	188,356	2,042	176,567	4,195	398,072	2,749	250,216	4,515	404,393
304	刺網	13,889	1,195,016	13,526	1,344,211	15,027	1,712,742	18,867	1,726,704	15,369	1,487,858	13,428	1,521,488
305	其他網	2,763	439,386	3,758	439,709	2,976	462,185	3,171	353,000	4,419	588,342	4,530	489,614
306	一支釣	2,838	253,739	2,957	338,028	3,320	288,044	4,540	388,039	5,320	467,122	4,909	472,915
307	延繩釣	1,716	165,871	1,265	204,625	2,243	378,702	2,284	579,660	2,549	552,221	4,323	507,804
308	其他釣	825	64,642	947	67,191	856	61,023	753	57,909	803	68,735	748	67,448
309	鏢旗魚	1,293	141,644	631	107,845	475	76,373	290	24,307	380	43,133	480	63,052
310	遊漁	168	16,410	306	27,739	231	24,707	211	24,038	291	33,364	142	15,517
312	櫻花蝦漁業	-	-	-	-	-	-	-	-	-	-	-	-
313	鱙漁業	-	-	-	-	-	-	-	-	-	-	-	-
399	其他沿岸漁業	5,669	710,442	4,034	691,017	3,925	635,439	3,163	415,642	2,212	204,837	3,187	369,522
400	海面養殖合計	33,230	3,183,258	34,889	3,135,683	31,354	2,878,316	26,033	4,201,394	24,038	3,368,171	28,291	3,552,466
401	淺海養殖	32,395	2,926,901	33,711	2,815,812	30,074	2,541,937	22,947	3,585,059	21,891	2,723,882	23,993	2,757,372
402	箱網養殖	357	94,128	678	147,500	837	186,074	2,763	522,498	1,890	517,329	3,738	660,348
499	其他海面養殖	478	162,228	500	172,370	443	150,305	323	93,837	258	126,960	560	134,746
500	內陸漁撈合計	1,211	58,738	444	34,160	412	18,170	467	24,009	580	28,558	557	26,200
501	河川漁撈	505	23,884	35	5,493	13	826	12	2,151	12	1,944	13	1,926
502	水庫漁撈	482	22,617	385	25,156	394	17,027	451	20,908	564	25,579	540	23,162
599	其他內陸漁撈	225	12,237	24	3,512	5	317	4	951	5	1,034	4	1,112
600	內陸養殖合計	253,404	33,330,973	237,636	29,425,938	238,893	23,871,982	229,179	23,006,769	239,007	19,925,454	228,142	22,364,237
601	鹹水魚塭	87,787	10,901,492	86,262	9,342,487	92,521	7,152,538	94,823	8,134,512	89,047	7,324,018	81,316	8,382,423
602	淡水魚塭	160,850	22,267,506	146,988	19,915,193	141,471	16,524,159	129,963	14,696,059	141,065	12,227,647	139,025	13,611,109
603	箱網養殖	-	-	1	696	-	-	-	-	-	-	-	-
604	觀賞魚養殖	-	-	-	-	-	-	-	-	-	-	-	-
699	其他內陸養殖	4,767	161,976	4,384	167,562	4,901	195,285	4,393	176,198	8,895	373,789	7,801	370,705
													
													
	年別	民國九十年		民國九十一年		民國九十二年							
代碼	Year	2001		2002		2003							
Code	漁業種類	產量	價值	產量	價值	產量	價值						
	Type of Fishery	Quantity	Value	Quantity	Value	Quantity	Value						
0	總計	1,296,256	87,724,928	1,376,958	90,021,011	1,476,314	95,272,637						
100	遠洋漁業合計	773,037	43,985,450	793,646	42,951,129	853,455	44,819,478						
101	單船拖網	77,728	2,983,722	63,292	2,156,260	65,417	2,642,777						
102	雙船拖網	-	-	-	-	-	-						
103	鰹鮪圍網	229,810	4,857,192	251,525	4,830,988	195,290	3,413,317						
104	鮪延繩釣	256,125	32,425,130	294,055	32,721,483	331,670	34,355,095						
105	大目流刺網	-	-	-	-	-	-						
106	魷釣	146,783	2,524,668	110,887	1,940,523	147,159	2,639,476						
107	魷魚流刺網	-	-	-	-	-	-						
108	秋刀魚火誘網	39,750	707,550	51,283	882,067	91,515	1,481,958						
109	珊瑚	-	-	-	-	-	-						
199	其他遠洋漁業	22,841	487,188	22,604	419,808	22,404	286,855						
200	近海漁業合計	159,891	12,339,942	185,950	12,540,487	193,482	12,762,309						
201	巾著網	2,197	44,448	2,540	41,105	3,387	66,185						
202	鯖 圍 網	22,205	542,339	34,016	562,095	45,464	765,391						
203	火誘網	20,728	1,032,434	24,163	838,818	29,819	1,170,008						
204	中小型拖網	56,723	4,945,216	60,466	4,777,212	54,612	4,534,647						
205	刺網	17,671	2,182,292	21,067	2,473,468	11,565	1,514,868						
206	追逐網	91	1,821	293	6,603	322	9,142						
209	其他網	11	1,107	19	2,762	116	15,557						
211	鮪延繩釣	20,845	1,615,611	21,990	1,604,169	18,208	1,622,453						
212	鯛及雜魚延繩釣	12,781	1,258,576	11,874	1,301,142	12,139	1,348,234						
213	曳繩釣	657	64,333	610	59,916	748	53,075						
214	一支釣	1,793	301,902	1,878	309,483	1,759	307,685						
219	其他釣	739	88,628	618	71,113	649	79,115						
221	珊瑚	-	-	-	-	-	-						
222	飛魚卵漁業	-	-	-	-	-	-						
223	扒網漁業	-	-	-	-	-	-						
299	其他近海漁業	3,449	261,234	6,415	492,603	14,694	1,275,950						
300	沿岸漁業合計	49,563	4,402,536	49,669	4,616,573	63,739	5,987,119						
301	定置網	9,601	492,265	8,320	507,695	13,299	717,824						
302	地曳網	478	57,861	833	123,478	887	126,691						
303	火誘網	4,887	479,946	6,809	627,826	8,220	785,931						
304	刺網	14,175	1,450,134	13,250	1,400,455	13,273	1,967,536						
305	其他網	3,267	363,954	3,860	522,624	3,424	477,682						
306	一支釣	5,931	643,404	5,059	561,074	6,169	750,846						
307	延繩釣	7,068	512,786	7,910	513,184	14,097	716,663						
308	其他釣	826	70,588	577	52,359	514	55,227						
309	鏢旗魚	453	48,989	252	28,839	360	43,057						
310	遊漁	242	24,931	158	18,433	471	30,974						
312	櫻花蝦漁業	-	-	-	-	-	-						
313	鱙漁業	-	-	-	-	-	-						
399	其他沿岸漁業	2,635	257,679	2,641	260,605	3,025	314,689						
400	海面養殖合計	27,052	3,374,643	29,037	3,636,404	34,701	4,366,849						
401	淺海養殖	21,707	2,441,434	22,639	2,406,278	25,796	2,477,882						
402	箱網養殖	4,828	815,521	5,576	1,060,508	8,118	1,713,189						
499	其他海面養殖	518	117,688	822	169,619	787	175,777						
500	內陸漁撈合計	609	30,202	608	29,929	475	29,545						
501	河川漁撈	24	2,868	17	2,390	13	2,016						
502	水庫漁撈	580	26,087	586	26,180	457	26,333						
599	其他內陸漁撈	5	1,247	5	1,359	5	1,196						
600	內陸養殖合計	286,105	23,592,156	318,048	26,246,488	330,462	27,307,337						
601	鹹水魚塭	100,509	8,029,508	120,178	8,238,238	122,398	9,066,328						
602	淡水魚塭	179,262	15,302,818	192,040	17,728,594	201,796	17,941,018						
603	箱網養殖	-	-	-	-	-	-						
604	觀賞魚養殖	-	-	-	-	-	-						
699	其他內陸養殖	6,333	259,831	5,830	279,656	6,269	299,991						
