fishingMethodCodeAppliedByFA	year	fishingQuantityInTon
101	1959	18152 
102	1959	49237 
103	1959	NA
104	1959	8815 
105	1959	NA
106	1959	NA
107	1959	NA
108	1959	NA
109	1959	NA
199	1959	206 
201	1959	12967 
202	1959	NA
203	1959	18228 
204	1959	8092 
205	1959	NA
206	1959	NA
209	1959	NA
211	1959	12719 
212	1959	13745 
213	1959	3178 
214	1959	9877 
219	1959	NA
221	1959	NA
222	1959	NA
223	1959	NA
299	1959	9362 
301	1959	3499 
302	1959	7079 
303	1959	5706 
304	1959	2588 
305	1959	4097 
306	1959	NA
307	1959	NA
308	1959	3803 
309	1959	3074 
310	1959	NA
312	1959	NA
313	1959	NA
399	1959	3727 
101	1960	23927 
102	1960	53776 
103	1960	NA
104	1960	7507 
105	1960	NA
106	1960	NA
107	1960	NA
108	1960	NA
109	1960	NA
199	1960	NA
201	1960	9587 
202	1960	NA
203	1960	19563 
204	1960	8784 
205	1960	NA
206	1960	NA
209	1960	NA
211	1960	14061 
212	1960	14284 
213	1960	3606 
214	1960	10632 
219	1960	NA
221	1960	NA
222	1960	NA
223	1960	NA
299	1960	10652 
301	1960	2391 
302	1960	5898 
303	1960	4493 
304	1960	3216 
305	1960	3607 
306	1960	NA
307	1960	NA
308	1960	3726 
309	1960	3686 
310	1960	NA
312	1960	NA
313	1960	NA
399	1960	4743 
101	1961	27019 
102	1961	71240 
103	1961	NA
104	1961	7862 
105	1961	NA
106	1961	NA
107	1961	NA
108	1961	NA
109	1961	NA
199	1961	26 
201	1961	18436 
202	1961	NA
203	1961	28172 
204	1961	9497 
205	1961	4463 
206	1961	3328 
209	1961	NA
211	1961	15589 
212	1961	14472 
213	1961	4382 
214	1961	9955 
219	1961	104 
221	1961	NA
222	1961	NA
223	1961	NA
299	1961	4528 
301	1961	2283 
302	1961	6675 
303	1961	3857 
304	1961	3610 
305	1961	4823 
306	1961	NA
307	1961	NA
308	1961	3480 
309	1961	4478 
310	1961	NA
312	1961	NA
313	1961	NA
399	1961	5316 
101	1962	22531 
102	1962	82363 
103	1962	NA
104	1962	8701 
105	1962	NA
106	1962	NA
107	1962	NA
108	1962	NA
109	1962	NA
199	1962	NA
201	1962	22735 
202	1962	NA
203	1962	32869 
204	1962	12211 
205	1962	8669 
206	1962	2898 
209	1962	NA
211	1962	16510 
212	1962	13382 
213	1962	5489 
214	1962	8901 
219	1962	188 
221	1962	NA
222	1962	NA
223	1962	NA
299	1962	4325 
301	1962	3001 
302	1962	7852 
303	1962	3649 
304	1962	3571 
305	1962	4665 
306	1962	NA
307	1962	NA
308	1962	2847 
309	1962	4348 
310	1962	NA
312	1962	NA
313	1962	NA
399	1962	5282 
101	1963	19692 
102	1963	90581 
103	1963	NA
104	1963	9607 
105	1963	NA
106	1963	NA
107	1963	NA
108	1963	NA
109	1963	NA
199	1963	NA
201	1963	20105 
202	1963	NA
203	1963	41470 
204	1963	17007 
205	1963	10599 
206	1963	2523 
209	1963	NA
211	1963	15760 
212	1963	12704 
213	1963	4372 
214	1963	9922 
219	1963	170 
221	1963	NA
222	1963	NA
223	1963	NA
299	1963	4450 
301	1963	2467 
302	1963	12953 
303	1963	3778 
304	1963	4046 
305	1963	4680 
306	1963	NA
307	1963	NA
308	1963	2865 
309	1963	4941 
310	1963	NA
312	1963	NA
313	1963	NA
399	1963	4760 
101	1964	19743 
102	1964	97495 
103	1964	NA
104	1964	9476 
105	1964	NA
106	1964	NA
107	1964	NA
108	1964	NA
109	1964	NA
199	1964	50 
201	1964	23753 
202	1964	NA
203	1964	37874 
204	1964	21516 
205	1964	14517 
206	1964	2676 
209	1964	NA
211	1964	15944 
212	1964	12808 
213	1964	5472 
214	1964	14848 
219	1964	167 
221	1964	NA
222	1964	NA
223	1964	NA
299	1964	6845 
301	1964	2747 
302	1964	8824 
303	1964	3198 
304	1964	4333 
305	1964	4043 
306	1964	NA
307	1964	NA
308	1964	2763 
309	1964	4731 
310	1964	NA
312	1964	NA
313	1964	NA
399	1964	4958 
101	1965	18780 
102	1965	106782 
103	1965	NA
104	1965	10227 
105	1965	NA
106	1965	NA
107	1965	NA
108	1965	NA
109	1965	NA
199	1965	110 
201	1965	17630 
202	1965	NA
203	1965	29447 
204	1965	31308 
205	1965	14473 
206	1965	2622 
209	1965	NA
211	1965	16276 
212	1965	14341 
213	1965	4164 
214	1965	17321 
219	1965	142 
221	1965	1 
222	1965	NA
223	1965	NA
299	1965	8841 
301	1965	2096 
302	1965	8742 
303	1965	2301 
304	1965	4306 
305	1965	3730 
306	1965	NA
307	1965	NA
308	1965	2836 
309	1965	4358 
310	1965	NA
312	1965	NA
313	1965	NA
399	1965	5318 
101	1966	18542 
102	1966	126302 
103	1966	NA
104	1966	24353 
105	1966	NA
106	1966	NA
107	1966	NA
108	1966	NA
109	1966	NA
199	1966	63 
201	1966	21856 
202	1966	NA
203	1966	23891 
204	1966	49550 
205	1966	10753 
206	1966	2158 
209	1966	NA
211	1966	18977 
212	1966	18551 
213	1966	5047 
214	1966	15572 
219	1966	208 
221	1966	NA
222	1966	NA
223	1966	NA
299	1966	1155 
301	1966	2177 
302	1966	7262 
303	1966	1644 
304	1966	4088 
305	1966	2788 
306	1966	NA
307	1966	NA
308	1966	1973 
309	1966	4549 
310	1966	NA
312	1966	NA
313	1966	NA
399	1966	4134 
101	1967	16918 
102	1967	133289 
103	1967	NA
104	1967	38861 
105	1967	NA
106	1967	NA
107	1967	NA
108	1967	NA
109	1967	NA
199	1967	NA
201	1967	26558 
202	1967	29 
203	1967	19370 
204	1967	63281 
205	1967	14713 
206	1967	3106 
209	1967	NA
211	1967	19451 
212	1967	21100 
213	1967	4394 
214	1967	9008 
219	1967	79 
221	1967	2 
222	1967	NA
223	1967	NA
299	1967	1537 
301	1967	2239 
302	1967	7817 
303	1967	1421 
304	1967	4528 
305	1967	2993 
306	1967	NA
307	1967	NA
308	1967	1946 
309	1967	3944 
310	1967	NA
312	1967	NA
313	1967	NA
399	1967	4270 
101	1968	21272 
102	1968	140198 
103	1968	NA
104	1968	79573 
105	1968	NA
106	1968	NA
107	1968	NA
108	1968	NA
109	1968	NA
199	1968	NA
201	1968	26619 
202	1968	415 
203	1968	24939 
204	1968	69016 
205	1968	10163 
206	1968	2789 
209	1968	NA
211	1968	24471 
212	1968	22436 
213	1968	4960 
214	1968	16314 
219	1968	86 
221	1968	53 
222	1968	NA
223	1968	NA
299	1968	1803 
301	1968	2937 
302	1968	6290 
303	1968	1571 
304	1968	4307 
305	1968	2385 
306	1968	NA
307	1968	NA
308	1968	2008 
309	1968	4490 
310	1968	NA
312	1968	NA
313	1968	NA
399	1968	3997 
101	1969	25190 
102	1969	135110 
103	1969	NA
104	1969	94470 
105	1969	NA
106	1969	NA
107	1969	NA
108	1969	NA
109	1969	NA
199	1969	NA
201	1969	33571 
202	1969	287 
203	1969	22868 
204	1969	77255 
205	1969	9924 
206	1969	3070 
209	1969	NA
211	1969	25850 
212	1969	21375 
213	1969	3369 
214	1969	19203 
219	1969	133 
221	1969	112 
222	1969	NA
223	1969	NA
299	1969	1193 
301	1969	2781 
302	1969	6645 
303	1969	1744 
304	1969	5295 
305	1969	2648 
306	1969	NA
307	1969	NA
308	1969	2240 
309	1969	3722 
310	1969	NA
312	1969	NA
313	1969	NA
399	1969	4178 
101	1970	44363 
102	1970	137676 
103	1970	NA
104	1970	93932 
105	1970	NA
106	1970	NA
107	1970	NA
108	1970	NA
109	1970	NA
199	1970	NA
201	1970	19071 
202	1970	1984 
203	1970	33617 
204	1970	86951 
205	1970	8475 
206	1970	2235 
209	1970	NA
211	1970	27552 
212	1970	21349 
213	1970	3004 
214	1970	27130 
219	1970	232 
221	1970	37 
222	1970	NA
223	1970	NA
299	1970	904 
301	1970	2820 
302	1970	6118 
303	1970	2305 
304	1970	5521 
305	1970	2392 
306	1970	NA
307	1970	NA
308	1970	2338 
309	1970	4147 
310	1970	NA
312	1970	NA
313	1970	NA
399	1970	4696 
101	1971	56580 
102	1971	140814 
103	1971	NA
104	1971	95620 
105	1971	NA
106	1971	NA
107	1971	NA
108	1971	NA
109	1971	NA
199	1971	NA
201	1971	27194 
202	1971	765 
203	1971	32473 
204	1971	98685 
205	1971	8921 
206	1971	1922 
209	1971	NA
211	1971	29577 
212	1971	21813 
213	1971	3715 
214	1971	21496 
219	1971	197 
221	1971	10 
222	1971	NA
223	1971	NA
299	1971	661 
301	1971	3469 
302	1971	5826 
303	1971	1732 
304	1971	5284 
305	1971	2658 
306	1971	NA
307	1971	NA
308	1971	2557 
309	1971	4015 
310	1971	NA
312	1971	NA
313	1971	NA
399	1971	4954 
101	1972	73147 
102	1972	167829 
103	1972	NA
104	1972	103823 
105	1972	NA
106	1972	NA
107	1972	NA
108	1972	NA
109	1972	NA
199	1972	67 
201	1972	24352 
202	1972	220 
203	1972	31750 
204	1972	102915 
205	1972	8187 
206	1972	929 
209	1972	NA
211	1972	32067 
212	1972	19504 
213	1972	2353 
214	1972	15905 
219	1972	106 
221	1972	18 
222	1972	NA
223	1972	NA
299	1972	528 
301	1972	3718 
302	1972	4785 
303	1972	1716 
304	1972	5364 
305	1972	1427 
306	1972	665 
307	1972	NA
308	1972	1222 
309	1972	3916 
310	1972	NA
312	1972	NA
313	1972	NA
399	1972	4569 
101	1973	75047 
102	1973	184435 
103	1973	NA
104	1973	102757 
105	1973	NA
106	1973	NA
107	1973	NA
108	1973	NA
109	1973	NA
199	1973	146 
201	1973	30652 
202	1973	NA
203	1973	29750 
204	1973	122419 
205	1973	8957 
206	1973	849 
209	1973	NA
211	1973	41256 
212	1973	19328 
213	1973	1937 
214	1973	4555 
219	1973	169 
221	1973	22 
222	1973	NA
223	1973	NA
299	1973	405 
301	1973	3269 
302	1973	4112 
303	1973	2341 
304	1973	5351 
305	1973	1369 
306	1973	575 
307	1973	NA
308	1973	1681 
309	1973	2696 
310	1973	NA
312	1973	NA
313	1973	NA
399	1973	4736 
101	1974	62057 
102	1974	155182 
103	1974	NA
104	1974	98890 
105	1974	NA
106	1974	NA
107	1974	NA
108	1974	NA
109	1974	NA
199	1974	619 
201	1974	17957 
202	1974	NA
203	1974	28090 
204	1974	118082 
205	1974	10934 
206	1974	483 
209	1974	NA
211	1974	44189 
212	1974	13679 
213	1974	1368 
214	1974	3552 
219	1974	84 
221	1974	5 
222	1974	NA
223	1974	NA
299	1974	75 
301	1974	2881 
302	1974	4136 
303	1974	2148 
304	1974	5602 
305	1974	1387 
306	1974	612 
307	1974	NA
308	1974	1905 
309	1974	2117 
310	1974	NA
312	1974	NA
313	1974	NA
399	1974	477 
101	1975	74941 
102	1975	149756 
103	1975	NA
104	1975	84706 
105	1975	NA
106	1975	NA
107	1975	NA
108	1975	NA
109	1975	NA
199	1975	17303 
201	1975	17991 
202	1975	NA
203	1975	32002 
204	1975	148960 
205	1975	10864 
206	1975	522 
209	1975	NA
211	1975	60720 
212	1975	15755 
213	1975	1000 
214	1975	5025 
219	1975	326 
221	1975	19 
222	1975	NA
223	1975	NA
299	1975	77 
301	1975	2648 
302	1975	3784 
303	1975	2451 
304	1975	6950 
305	1975	1392 
306	1975	1139 
307	1975	NA
308	1975	1862 
309	1975	2662 
310	1975	NA
312	1975	NA
313	1975	NA
399	1975	6652 
101	1976	60267 
102	1976	157998 
103	1976	NA
104	1976	92543 
105	1976	NA
106	1976	NA
107	1976	NA
108	1976	NA
109	1976	NA
199	1976	14519 
201	1976	20167 
202	1976	NA
203	1976	26722 
204	1976	167783 
205	1976	17142 
206	1976	589 
209	1976	NA
211	1976	57183 
212	1976	17842 
213	1976	1397 
214	1976	5248 
219	1976	184 
221	1976	41 
222	1976	NA
223	1976	NA
299	1976	155 
301	1976	3939 
302	1976	4232 
303	1976	2928 
304	1976	7220 
305	1976	2199 
306	1976	1241 
307	1976	NA
308	1976	2076 
309	1976	3285 
310	1976	NA
312	1976	NA
313	1976	NA
399	1976	5613 
101	1977	60629 
102	1977	144155 
103	1977	NA
104	1977	122527 
105	1977	NA
106	1977	NA
107	1977	NA
108	1977	NA
109	1977	NA
199	1977	9913 
201	1977	36783 
202	1977	2189 
203	1977	21680 
204	1977	187738 
205	1977	15743 
206	1977	760 
209	1977	NA
211	1977	49811 
212	1977	17138 
213	1977	2052 
214	1977	7216 
219	1977	185 
221	1977	53 
222	1977	NA
223	1977	NA
299	1977	1032 
301	1977	2979 
302	1977	3833 
303	1977	3597 
304	1977	8682 
305	1977	1578 
306	1977	1689 
307	1977	1593 
308	1977	NA
309	1977	2563 
310	1977	NA
312	1977	NA
313	1977	NA
399	1977	6565 
101	1978	70465 
102	1978	130910 
103	1978	NA
104	1978	108763 
105	1978	NA
106	1978	NA
107	1978	NA
108	1978	NA
109	1978	NA
199	1978	21014 
201	1978	37048 
202	1978	3990 
203	1978	17840 
204	1978	208756 
205	1978	15720 
206	1978	653 
209	1978	NA
211	1978	43010 
212	1978	16441 
213	1978	7378 
214	1978	3827 
219	1978	190 
221	1978	62 
222	1978	NA
223	1978	NA
299	1978	178 
301	1978	2841 
302	1978	3774 
303	1978	1642 
304	1978	9765 
305	1978	1263 
306	1978	2033 
307	1978	1490 
308	1978	NA
309	1978	2424 
310	1978	NA
312	1978	NA
313	1978	NA
399	1978	6792 
101	1979	78662 
102	1979	127775 
103	1979	NA
104	1979	108650 
105	1979	NA
106	1979	NA
107	1979	NA
108	1979	NA
109	1979	NA
199	1979	26824 
201	1979	25964 
202	1979	20358 
203	1979	26318 
204	1979	206660 
205	1979	18058 
206	1979	903 
209	1979	NA
211	1979	42222 
212	1979	16870 
213	1979	3694 
214	1979	2810 
219	1979	36 
221	1979	109 
222	1979	NA
223	1979	NA
299	1979	706 
301	1979	3268 
302	1979	2423 
303	1979	1242 
304	1979	10431 
305	1979	1625 
306	1979	2180 
307	1979	1312 
308	1979	NA
309	1979	6451 
310	1979	NA
312	1979	NA
313	1979	NA
399	1979	7449 
101	1980	84926 
102	1980	112248 
103	1980	NA
104	1980	119635 
105	1980	NA
106	1980	NA
107	1980	NA
108	1980	NA
109	1980	NA
199	1980	33616 
201	1980	25620 
202	1980	19918 
203	1980	19139 
204	1980	220289 
205	1980	19895 
206	1980	777 
209	1980	NA
211	1980	39047 
212	1980	17534 
213	1980	3972 
214	1980	3174 
219	1980	267 
221	1980	138 
222	1980	NA
223	1980	NA
299	1980	1136 
301	1980	3716 
302	1980	3057 
303	1980	1269 
304	1980	10957 
305	1980	1140 
306	1980	2314 
307	1980	1177 
308	1980	NA
309	1980	7220 
310	1980	NA
312	1980	NA
313	1980	NA
399	1980	6445 
101	1981	70601 
102	1981	119490 
103	1981	NA
104	1981	94926 
105	1981	NA
106	1981	NA
107	1981	NA
108	1981	NA
109	1981	NA
199	1981	36550 
201	1981	33397 
202	1981	17213 
203	1981	23735 
204	1981	187078 
205	1981	19453 
206	1981	626 
209	1981	NA
211	1981	32116 
212	1981	21928 
213	1981	5370 
214	1981	3136 
219	1981	218 
221	1981	277 
222	1981	NA
223	1981	NA
299	1981	1659 
301	1981	4432 
302	1981	2311 
303	1981	2427 
304	1981	11492 
305	1981	1360 
306	1981	2275 
307	1981	1648 
308	1981	NA
309	1981	5858 
310	1981	NA
312	1981	NA
313	1981	NA
399	1981	7462 
101	1982	61484 
102	1982	77141 
103	1982	4299 
104	1982	108117 
105	1982	36006 
106	1982	24036 
107	1982	NA
108	1982	NA
109	1982	NA
199	1982	5609 
201	1982	24364 
202	1982	23444 
203	1982	24745 
204	1982	188324 
205	1982	17852 
206	1982	388 
209	1982	NA
211	1982	34093 
212	1982	23162 
213	1982	5642 
214	1982	2803 
219	1982	150 
221	1982	62 
222	1982	NA
223	1982	NA
299	1982	442 
301	1982	4363 
302	1982	2235 
303	1982	2788 
304	1982	13468 
305	1982	1168 
306	1982	2207 
307	1982	1900 
308	1982	NA
309	1982	4483 
310	1982	NA
312	1982	NA
313	1982	NA
399	1982	8483 
101	1983	60590 
102	1983	71997 
103	1983	10015 
104	1983	113636 
105	1983	25869 
106	1983	37330 
107	1983	NA
108	1983	NA
109	1983	NA
199	1983	451 
201	1983	20977 
202	1983	20432 
203	1983	20951 
204	1983	176176 
205	1983	14918 
206	1983	863 
209	1983	NA
211	1983	34153 
212	1983	20791 
213	1983	7623 
214	1983	2642 
219	1983	347 
221	1983	109 
222	1983	NA
223	1983	NA
299	1983	515 
301	1983	4998 
302	1983	2414 
303	1983	4361 
304	1983	15219 
305	1983	1149 
306	1983	2349 
307	1983	2242 
308	1983	NA
309	1983	5426 
310	1983	NA
312	1983	NA
313	1983	NA
399	1983	8749 
101	1984	76426 
102	1984	80741 
103	1984	8199 
104	1984	114377 
105	1984	42063 
106	1984	44218 
107	1984	NA
108	1984	NA
109	1984	NA
199	1984	3424 
201	1984	21567 
202	1984	30297 
203	1984	18442 
204	1984	183520 
205	1984	16478 
206	1984	738 
209	1984	NA
211	1984	32437 
212	1984	20246 
213	1984	5297 
214	1984	4403 
219	1984	182 
221	1984	157 
222	1984	NA
223	1984	NA
299	1984	366 
301	1984	6352 
302	1984	2703 
303	1984	4833 
304	1984	15933 
305	1984	1636 
306	1984	2636 
307	1984	1795 
308	1984	NA
309	1984	6100 
310	1984	NA
312	1984	NA
313	1984	NA
399	1984	9311 
101	1985	90509 
102	1985	72141 
103	1985	22326 
104	1985	119232 
105	1985	55512 
106	1985	48966 
107	1985	NA
108	1985	NA
109	1985	NA
199	1985	5006 
201	1985	34014 
202	1985	28054 
203	1985	23345 
204	1985	150233 
205	1985	18643 
206	1985	1039 
209	1985	NA
211	1985	26502 
212	1985	22341 
213	1985	5016 
214	1985	6060 
219	1985	394 
221	1985	215 
222	1985	NA
223	1985	NA
299	1985	562 
301	1985	8094 
302	1985	2780 
303	1985	5414 
304	1985	16920 
305	1985	1147 
306	1985	2365 
307	1985	2065 
308	1985	NA
309	1985	5385 
310	1985	NA
312	1985	NA
313	1985	NA
399	1985	10297 
101	1986	91780 
102	1986	87750 
103	1986	17984 
104	1986	151233 
105	1986	46282 
106	1986	50495 
107	1986	NA
108	1986	NA
109	1986	NA
199	1986	17852 
201	1986	29759 
202	1986	34027 
203	1986	18930 
204	1986	152505 
205	1986	21167 
206	1986	342 
209	1986	NA
211	1986	20239 
212	1986	19667 
213	1986	2571 
214	1986	5128 
219	1986	434 
221	1986	141 
222	1986	NA
223	1986	NA
299	1986	1271 
301	1986	9403 
302	1986	1732 
303	1986	3110 
304	1986	16906 
305	1986	4421 
306	1986	2392 
307	1986	2175 
308	1986	NA
309	1986	4327 
310	1986	NA
312	1986	NA
313	1986	NA
399	1986	12270 
101	1987	93896 
102	1987	108575 
103	1987	32647 
104	1987	146414 
105	1987	67930 
106	1987	115249 
107	1987	NA
108	1987	NA
109	1987	NA
199	1987	9222 
201	1987	27910 
202	1987	23036 
203	1987	20818 
204	1987	148722 
205	1987	19314 
206	1987	499 
209	1987	NA
211	1987	34110 
212	1987	19235 
213	1987	1817 
214	1987	3295 
219	1987	688 
221	1987	106 
222	1987	NA
223	1987	NA
299	1987	1099 
301	1987	11185 
302	1987	1943 
303	1987	1659 
304	1987	16964 
305	1987	3309 
306	1987	2534 
307	1987	2333 
308	1987	NA
309	1987	2887 
310	1987	NA
312	1987	NA
313	1987	NA
399	1987	11092 
101	1988	133160 
102	1988	126842 
103	1988	82183 
104	1988	147615 
105	1988	62146 
106	1988	129177 
107	1988	NA
108	1988	NA
109	1988	NA
199	1988	18143 
201	1988	22937 
202	1988	32434 
203	1988	21118 
204	1988	147823 
205	1988	23827 
206	1988	454 
209	1988	NA
211	1988	34523 
212	1988	19072 
213	1988	1859 
214	1988	2517 
219	1988	491 
221	1988	67 
222	1988	NA
223	1988	NA
299	1988	992 
301	1988	11051 
302	1988	1010 
303	1988	1751 
304	1988	16023 
305	1988	1769 
306	1988	2970 
307	1988	2328 
308	1988	NA
309	1988	2563 
310	1988	NA
312	1988	NA
313	1988	NA
399	1988	9625 
101	1989	116657 
102	1989	111480 
103	1989	117164 
104	1989	139113 
105	1989	75328 
106	1989	117717 
107	1989	42893 
108	1989	12036 
109	1989	NA
199	1989	2053 
201	1989	16471 
202	1989	43351 
203	1989	34468 
204	1989	153985 
205	1989	28785 
206	1989	490 
209	1989	9057 
211	1989	30151 
212	1989	11955 
213	1989	1547 
214	1989	2514 
219	1989	243 
221	1989	16 
222	1989	NA
223	1989	NA
299	1989	766 
301	1989	8108 
302	1989	1897 
303	1989	5220 
304	1989	17550 
305	1989	5158 
306	1989	3325 
307	1989	2032 
308	1989	631 
309	1989	1939 
310	1989	419 
312	1989	NA
313	1989	NA
399	1989	3515 
101	1990	97145 
102	1990	104128 
103	1990	124599 
104	1990	155921 
105	1990	125112 
106	1990	88254 
107	1990	38034 
108	1990	31877 
109	1990	NA
199	1990	1915 
201	1990	9826 
202	1990	53897 
203	1990	34132 
204	1990	120697 
205	1990	22307 
206	1990	484 
209	1990	4650 
211	1990	21292 
212	1990	13847 
213	1990	3945 
214	1990	5173 
219	1990	322 
221	1990	1 
222	1990	NA
223	1990	NA
299	1990	1821 
301	1990	7026 
302	1990	773 
303	1990	5474 
304	1990	17472 
305	1990	4981 
306	1990	3890 
307	1990	2460 
308	1990	497 
309	1990	1862 
310	1990	441 
312	1990	NA
313	1990	NA
399	1990	3486 
101	1991	86115 
102	1991	98775 
103	1991	107062 
104	1991	134574 
105	1991	90982 
106	1991	124176 
107	1991	51326 
108	1991	19473 
109	1991	NA
199	1991	1780 
201	1991	6605 
202	1991	42734 
203	1991	24292 
204	1991	125259 
205	1991	19921 
206	1991	379 
209	1991	4322 
211	1991	23960 
212	1991	12957 
213	1991	3699 
214	1991	1602 
219	1991	403 
221	1991	NA
222	1991	NA
223	1991	NA
299	1991	812 
301	1991	8311 
302	1991	427 
303	1991	3081 
304	1991	14183 
305	1991	3472 
306	1991	2556 
307	1991	2635 
308	1991	563 
309	1991	2151 
310	1991	495 
312	1991	NA
313	1991	NA
399	1991	3358 
101	1992	40064 
102	1992	71375 
103	1992	165879 
104	1992	237132 
105	1992	25551 
106	1992	151535 
107	1992	11053 
108	1992	34235 
109	1992	NA
199	1992	814 
201	1992	13887 
202	1992	60858 
203	1992	23156 
204	1992	110960 
205	1992	17476 
206	1992	325 
209	1992	2350 
211	1992	29043 
212	1992	16993 
213	1992	2288 
214	1992	1462 
219	1992	470 
221	1992	NA
222	1992	NA
223	1992	NA
299	1992	1245 
301	1992	10537 
302	1992	432 
303	1992	2544 
304	1992	15405 
305	1992	4077 
306	1992	2999 
307	1992	1396 
308	1992	624 
309	1992	1894 
310	1992	263 
312	1992	NA
313	1992	NA
399	1992	5228 
101	1993	44184 
102	1993	79100 
103	1993	176666 
104	1993	300193 
105	1993	NA
106	1993	197494 
107	1993	NA
108	1993	36435 
109	1993	NA
199	1993	892 
201	1993	11092 
202	1993	63849 
203	1993	16897 
204	1993	103594 
205	1993	12224 
206	1993	531 
209	1993	414 
211	1993	27287 
212	1993	13588 
213	1993	5112 
214	1993	1657 
219	1993	815 
221	1993	NA
222	1993	NA
223	1993	NA
299	1993	1542 
301	1993	12008 
302	1993	684 
303	1993	1083 
304	1993	17264 
305	1993	1927 
306	1993	2366 
307	1993	988 
308	1993	726 
309	1993	1238 
310	1993	277 
312	1993	NA
313	1993	NA
399	1993	4882 
101	1994	35400 
102	1994	61947 
103	1994	182555 
104	1994	209319 
105	1994	NA
106	1994	158303 
107	1994	NA
108	1994	12550 
109	1994	NA
199	1994	23706 
201	1994	5366 
202	1994	71941 
203	1994	21542 
204	1994	77483 
205	1994	17275 
206	1994	576 
209	1994	300 
211	1994	22698 
212	1994	14936 
213	1994	3353 
214	1994	2206 
219	1994	1113 
221	1994	NA
222	1994	NA
223	1994	NA
299	1994	3485 
301	1994	13143 
302	1994	611 
303	1994	734 
304	1994	14387 
305	1994	1682 
306	1994	2800 
307	1994	503 
308	1994	913 
309	1994	1355 
310	1994	286 
312	1994	NA
313	1994	NA
399	1994	3385 
101	1995	54140 
102	1995	55459 
103	1995	186815 
104	1995	223441 
105	1995	NA
106	1995	154362 
107	1995	NA
108	1995	13772 
109	1995	NA
199	1995	21553 
201	1995	13770 
202	1995	61961 
203	1995	18633 
204	1995	92599 
205	1995	16624 
206	1995	166 
209	1995	449 
211	1995	32691 
212	1995	11875 
213	1995	336 
214	1995	1467 
219	1995	721 
221	1995	NA
222	1995	NA
223	1995	NA
299	1995	4690 
301	1995	11580 
302	1995	978 
303	1995	1800 
304	1995	13889 
305	1995	2763 
306	1995	2838 
307	1995	1716 
308	1995	825 
309	1995	1293 
310	1995	168 
312	1995	NA
313	1995	NA
399	1995	5669 
101	1996	53797 
102	1996	45861 
103	1996	188742 
104	1996	215182 
105	1996	NA
106	1996	138172 
107	1996	NA
108	1996	8236 
109	1996	NA
199	1996	18989 
201	1996	16444 
202	1996	77075 
203	1996	16960 
204	1996	93809 
205	1996	13825 
206	1996	403 
209	1996	NA
211	1996	22258 
212	1996	8723 
213	1996	392 
214	1996	1592 
219	1996	932 
221	1996	NA
222	1996	NA
223	1996	NA
299	1996	4242 
301	1996	11554 
302	1996	434 
303	1996	1620 
304	1996	13526 
305	1996	3758 
306	1996	2957 
307	1996	1265 
308	1996	947 
309	1996	631 
310	1996	306 
312	1996	NA
313	1996	NA
399	1996	4034 
101	1997	91164 
102	1997	NA
103	1997	139874 
104	1997	207688 
105	1997	NA
106	1997	212386 
107	1997	NA
108	1997	21887 
109	1997	NA
199	1997	19240 
201	1997	14941 
202	1997	69703 
203	1997	19556 
204	1997	84172 
205	1997	13240 
206	1997	1269 
209	1997	10 
211	1997	30554 
212	1997	9196 
213	1997	293 
214	1997	1716 
219	1997	773 
221	1997	NA
222	1997	NA
223	1997	NA
299	1997	2152 
301	1997	9094 
302	1997	388 
303	1997	2042 
304	1997	15027 
305	1997	2976 
306	1997	3320 
307	1997	2243 
308	1997	856 
309	1997	475 
310	1997	231 
312	1997	NA
313	1997	NA
399	1997	3925 
101	1998	87504 
102	1998	NA
103	1998	241996 
104	1998	225805 
105	1998	NA
106	1998	201995 
107	1998	NA
108	1998	12794 
109	1998	NA
199	1998	22629 
201	1998	13449 
202	1998	42331 
203	1998	24768 
204	1998	66466 
205	1998	12213 
206	1998	716 
209	1998	126 
211	1998	37734 
212	1998	8121 
213	1998	457 
214	1998	1808 
219	1998	592 
221	1998	NA
222	1998	NA
223	1998	NA
299	1998	807 
301	1998	5501 
302	1998	454 
303	1998	4195 
304	1998	18867 
305	1998	3171 
306	1998	4540 
307	1998	2284 
308	1998	753 
309	1998	290 
310	1998	211 
312	1998	NA
313	1998	NA
399	1998	3163 
101	1999	86431 
102	1999	NA
103	1999	200435 
104	1999	225415 
105	1999	NA
106	1999	276111 
107	1999	NA
108	1999	12541 
109	1999	NA
199	1999	23804 
201	1999	5394 
202	1999	58843 
203	1999	28376 
204	1999	58431 
205	1999	12851 
206	1999	355 
209	1999	152 
211	1999	29188 
212	1999	8380 
213	1999	504 
214	1999	1504 
219	1999	686 
221	1999	NA
222	1999	NA
223	1999	NA
299	1999	1910 
301	1999	5448 
302	1999	618 
303	1999	2749 
304	1999	15369 
305	1999	4419 
306	1999	5320 
307	1999	2549 
308	1999	803 
309	1999	380 
310	1999	291 
312	1999	NA
313	1999	NA
399	1999	2212 
101	2000	86850 
102	2000	NA
103	2000	231055 
104	2000	240157 
105	2000	NA
106	2000	253574 
107	2000	NA
108	2000	27868 
109	2000	NA
199	2000	23971 
201	2000	4141 
202	2000	26941 
203	2000	23727 
204	2000	55946 
205	2000	12139 
206	2000	135 
209	2000	3 
211	2000	25949 
212	2000	13323 
213	2000	1381 
214	2000	2018 
219	2000	692 
221	2000	NA
222	2000	NA
223	2000	NA
299	2000	2747 
301	2000	6263 
302	2000	1441 
303	2000	4515 
304	2000	13428 
305	2000	4530 
306	2000	4909 
307	2000	4323 
308	2000	748 
309	2000	480 
310	2000	142 
312	2000	NA
313	2000	NA
399	2000	3187 
101	2001	77728 
102	2001	NA
103	2001	229810 
104	2001	256125 
105	2001	NA
106	2001	146783 
107	2001	NA
108	2001	39750 
109	2001	NA
199	2001	22841 
201	2001	2197 
202	2001	22205 
203	2001	20728 
204	2001	56723 
205	2001	17671 
206	2001	91 
209	2001	11 
211	2001	20845 
212	2001	12781 
213	2001	657 
214	2001	1793 
219	2001	739 
221	2001	NA
222	2001	NA
223	2001	NA
299	2001	3449 
301	2001	9601 
302	2001	478 
303	2001	4887 
304	2001	14175 
305	2001	3267 
306	2001	5931 
307	2001	7068 
308	2001	826 
309	2001	453 
310	2001	242 
312	2001	NA
313	2001	NA
399	2001	2635 
101	2002	63292 
102	2002	NA
103	2002	251525 
104	2002	294055 
105	2002	NA
106	2002	110887 
107	2002	NA
108	2002	51283 
109	2002	NA
199	2002	22604 
201	2002	2540 
202	2002	34016 
203	2002	24163 
204	2002	60466 
205	2002	21067 
206	2002	293 
209	2002	19 
211	2002	21990 
212	2002	11874 
213	2002	610 
214	2002	1878 
219	2002	618 
221	2002	NA
222	2002	NA
223	2002	NA
299	2002	6415 
301	2002	8320 
302	2002	833 
303	2002	6809 
304	2002	13250 
305	2002	3860 
306	2002	5059 
307	2002	7910 
308	2002	577 
309	2002	252 
310	2002	158 
312	2002	NA
313	2002	NA
399	2002	2641 
101	2003	65417 
102	2003	NA
103	2003	195290 
104	2003	331670 
105	2003	NA
106	2003	147159 
107	2003	NA
108	2003	91515 
109	2003	NA
199	2003	22404 
201	2003	3387 
202	2003	45464 
203	2003	29819 
204	2003	54612 
205	2003	11565 
206	2003	322 
209	2003	116 
211	2003	18208 
212	2003	12139 
213	2003	748 
214	2003	1759 
219	2003	649 
221	2003	NA
222	2003	NA
223	2003	NA
299	2003	14694 
301	2003	13299 
302	2003	887 
303	2003	8220 
304	2003	13273 
305	2003	3424 
306	2003	6169 
307	2003	14097 
308	2003	514 
309	2003	360 
310	2003	471 
312	2003	NA
313	2003	NA
399	2003	3025 
